D 1
F 2
M 1
S 4

sd(0) 52.618

sf(0) 84.3155
sf(1) 66.7353

sm(0) 92.6474

ss(0) 65.1415
ss(1) 54.7623
ss(2) 77.6198
ss(3) 55.2363

cd(0)(0) 18.5154
cd(0)(1) 27.5979

cf(0)(0) 23.6089
cf(1)(0) 84.4474

cm(0)(0) 76.9632
cm(0)(1) 47.3635
cm(0)(2) 16.5007
cm(0)(3) 94.7066

ud(0) 62.6993

uf(0) 31.1822
uf(1) 84.975

um(0) 16.9185

p(0) 98.5304
p(1) 64.3426
p(2) 93.8105
p(3) 1.14003

xdminmax(0)(0) 1 200
xdminmax(0)(1) 1 200

xfminmax(0)(0) 1 200
xfminmax(1)(0) 1 200

xmminmax(0)(0) 1 200
xmminmax(0)(1) 1 200
xmminmax(0)(2) 1 200
xmminmax(0)(3) 1 200

