D 1
F 2
M 1
S 4

sd(0) 1.2198

sf(0) 24.6629
sf(1) 82.208

sm(0) 5.87993

ss(0) 25.8288
ss(1) 88.9089
ss(2) 45.6357
ss(3) 4.88186

cd(0)(0) 78.3314
cd(0)(1) 10.2924

cf(0)(0) 97.6209
cf(1)(0) 58.4996

cm(0)(0) 83.1269
cm(0)(1) 96.8741
cm(0)(2) 27.1266
cm(0)(3) 51.4187

ud(0) 39.7057

uf(0) 90.8278
uf(1) 21.0673

um(0) 72.555

p(0) 3.33468
p(1) 93.15
p(2) 99.1192
p(3) 25.8206

xdminmax(0)(0) 1 200
xdminmax(0)(1) 1 200

xfminmax(0)(0) 1 200
xfminmax(1)(0) 1 200

xmminmax(0)(0) 1 200
xmminmax(0)(1) 1 200
xmminmax(0)(2) 1 200
xmminmax(0)(3) 1 200

